20 10
37 19 87 47 46 26 16 27 61 20
21 73 65 6 1 65 25 27 38 14
77 77 35 3 17 55 19 72 8 47
44 30 51 5 94 10 10 37 38 69
90 1 24 1 35 14 38 36 81 6
65 38 56 83 71 19 13 15 85 23
70 43 33 55 32 66 75 25 65 16
21 60 3 64 82 69 84 75 32 7
60 100 80 54 66 60 61 43 33 11
34 57 53 31 87 18 52 25 17 16
49 41 87 75 13 88 69 41 62 44
82 89 41 18 33 59 8 48 28 71
78 54 85 84 78 62 1 19 99 86
42 72 95 5 53 59 71 32 95 15
19 18 22 60 39 97 35 93 91 98
79 58 84 46 56 100 33 91 15 98
83 9 46 64 86 71 75 20 25 87
23 13 38 10 37 80 94 43 9 97
34 31 52 9 3 46 69 31 35 38
78 22 66 27 32 7 30 14 10 58
